 0.0E+0
 0.06279052
 0.12533323
 0.18738133
 0.24868989
 0.309017
 0.36812457
 0.4257793
 0.48175367
 0.5358268
 0.58778524
 0.637424
 0.6845471
 0.7289686
 0.77051323
 0.809017
 0.8443279
 0.8763067
 0.90482705
 0.9297765
 0.95105654
 0.96858316
 0.9822873
 0.9921147
 0.9980267
 1.0
 0.9980267
 0.9921147
 0.9822872
 0.96858316
 0.9510565
 0.9297765
 0.90482705
 0.87630665
 0.84432786
 0.80901694
 0.7705132
 0.72896856
 0.68454706
 0.63742393
 0.5877852
 0.53582674
 0.48175361
 0.42577922
 0.36812448
 0.3090169
 0.24868982
 0.18738124
 0.12533315
 0.06279043
 -8.7422783E-8
 -0.06279061
 -0.12533332
 -0.1873814
 -0.24868998
 -0.3090171
 -0.36812463
 -0.42577937
 -0.48175376
 -0.53582686
 -0.58778536
 -0.63742405
 -0.6845472
 -0.7289687
 -0.7705133
 -0.80901706
 -0.844328
 -0.8763067
 -0.9048271
 -0.92977654
 -0.95105654
 -0.96858316
 -0.9822873
 -0.9921147
 -0.9980267
 -1.0
 -0.9980267
 -0.99211466
 -0.9822872
 -0.9685831
 -0.9510565
 -0.92977643
 -0.904827
 -0.8763066
 -0.84432786
 -0.8090169
 -0.7705131
 -0.7289685
 -0.684547
 -0.6374239
 -0.5877851
 -0.5358267
 -0.48175352
 -0.42577913
 -0.3681244
 -0.30901682
 -0.24868973
 -0.18738115
 -0.12533307
 -0.06279035
 1.7484557E-7
